start=1253.542956
volume=130.000000
