start=1964.395767
volume=130.000000
