volume=130.000000
sub-pos=101.000000
