start=448.433333
volume=130.000000
