start=750.800000
volume=130.000000
