start=197.920000
volume=130.000000
