start=896.066667
volume=130.000000
