start=579.384000
volume=130.000000
