start=385.259875
volume=98.000000
