start=300.233267
volume=130.000000
