start=670.125000
volume=130.000000
