start=128.850000
speed=0.500000
volume=68.000000
ab-loop-a=69.533333
