start=449.916667
volume=130.000000
