start=583.100000
volume=108.000000
