start=5317.353708
volume=130.000000
