start=17.976292
contrast=-1.000000
