start=79.120711
volume=130.000000
