start=2318.458333
volume=108.000000
